A -0.474 0.367 -0.432 0.229
2 S 0.425 0.477 0.174 0.082
3 M 0.133 0.155 0.195 -0.498
4 D 0.397 -0.490 0.043 0.355
5
6 A -13.7 -6.86 4.7 3.14
7 S -6.37 4.42 4.85 1.51
8 M -3.33 4.91 -1.01 -1.71
9 D 3.17 -1.76 3.21 -3.31
10
11 A 5.88e-11 -2.57e-10 3.37e-10 -2.54e-10
12 S 1.11e-10 -1.45e-10 5.86e-11 -3.36e-10
13 M 4.19e-10 2.51e-10 3.14e-10 -4.53e-10
14 D 3.19e-10 3.67e-10 7.12e-11 -1.97e-10
15
16 A 0.313 -0.152 0 0
17 S 0.463 -0.150 0 0
18 M -0.224 0.234 0 0
19 D 0.430 0.339 0 0
20
21 A 0 0 0.270 -0.244
22 S 0 0 -0.284 -0.424
23 M 0 0 0.073 0.169
24 D 0 0 0.466 -0.148
25
26 A 0 0 0 0
27 S 0 0 0 0
28 M 0 0 0 0
29 D 0 0 0 0